gov. romney, October 22, 2012
-0.0576154376292, -0.870967741935, -0.5, 0
the president, October 22, 2012
0.0576154376292, 0.870967741935, 0.5, 0
gov. romney, October 16, 2012
-0.0669216061185, -0.948717948718, -1.0, 0
the president, October 16, 2012
0.0669216061185, 0.948717948718, 1.0, 1
the president, October 3, 2012
-0.00682749203459, 0.935483870968, 0, 0
gov. romney, October 3, 2012
0.00682749203459, -0.935483870968, 0, 1

obama, October 15, 2008
0.146700832799, 0.0549450549451, 0, 0
mccain, October 15, 2008
-0.146700832799, -0.0549450549451, 0, 0
obama, October 7, 2008
0.0464444287829, -0.14606741573, -1.0, 1
mccain, October 7, 2008
-0.0464444287829, 0.14606741573, 1.0, -1
mccain, September 26, 2008
-0.0290764352695, -0.0873786407767, 0, -2
obam, September 26, 2008
0.0290764352695, 0.0873786407767, 0, 1

president bush, October 13, 2004
-0.0509583917719, -0.478260869565, 0.0, 1
kerry, October 13, 2004
0.0509583917719, 0.478260869565, 0.0, -2
president bush, October 8, 2004
-0.0901156750017, -0.214285714286, 0.6, -1
kerry, October 8, 2004
0.0901156750017, 0.214285714286, -0.6, 1
president bush, September 30, 2004
-0.0514088729017, -0.411764705882, 0.0, -4
kerry, September 30, 2004
0.0514088729017, 0.411764705882, 0.0, 5

bush, October 17, 2000
0.0182713695583, 0.102040816327, 0.5, 2
gore, October 17, 2000
-0.0182713695583, -0.102040816327, -0.5, -2
bush, October 11, 2000
0.0827157721386, -0.481481481481, 0.333333333333, 5
gore, October 11, 2000
-0.0827157721386, 0.481481481481, -0.333333333333, -2
bush, October 3, 2000
0.0102528089888, 0.037037037037, 0, 4 
gore, October 3, 2000
-0.0102528089888, -0.037037037037, 0, -4

dol, October 16, 1996
-0.0257724410602, 0.184210526316, 0, -7
the president, October 16, 1996
0.0257724410602, -0.184210526316, 0, 6
the president, October 6, 1996
-0.043762945146, -0.136363636364, 0, 1
dole, October 6, 1996
0.043762945146, 0.136363636364, 0, -2


clinton, October 19, 1992
0.0419541038998, 0.0879120879121, -1.0, -4
president bush, October 19, 1992
-0.044417851612, -0.538461538462, -0.181818181818, 2
perot, October 19, 1992
0.00246374771223, 0.450549450549, 1.18181818182, 2
clinton, October 15, 1992
0.0148706896552, 0.238095238095, -0.8125, 1
president bush, October 15, 1992
-0.0372844827586, -0.666666666667, 0.125, -2
perot, October 15, 1992
0.0224137931034, 0.428571428571, 0.6875, 0
clinton, October 11, 1992
-0.00867647058824, 0.18085106383, -0.625, -4
president bush, October 11, 1992
0.0755882352941, -0.36170212766, -0.625, -1
perot, October 11, 1992
-0.0669117647059, 0.18085106383, 1.25, 5

dukakis, October 13, 1988
0.10706946157, 0.0212765957447, -0.1, -2
bush, October 13, 1988
-0.10706946157, -0.0212765957447, 0.1, 1
dukakis, September 25, 1988
0.0897457771711, -0.45, -0.157894736842, 1
bush, September 25, 1988
-0.0897457771711, 0.45, 0.157894736842, -2

the president, October 21, 1984
-0.0324442675159, -0.269841269841, 0.2, -1
mondale, October 21, 1984
0.0324442675159, 0.269841269841, -0.2, 2
the president, October 7, 1984
0.276444111028, -0.246376811594, -0.4, 2
mondale, October 7, 1984
-0.276444111028, 0.246376811594, 0.4, -1

reagan, October 28, 1980
0.0255694214155, 0.671641791045, 0.5, 4
the president, October 28, 1980
-0.0255694214155, -0.671641791045, -0.5, 2
reagan, September 21, 1980
0.0619938564647, 0.118644067797, 0, 5
anderson, September 21, 1980
-0.0619938564647, -0.118644067797, 0, -7

carter, October 22, 1976
0.0830446194226, 0.555555555556, 0, 2
the president, October 22, 1976
-0.0830446194226, -0.555555555556, 0, 3
carter, October 6, 1976
0.135604938272, 0.583333333333, 0, 1
the president, October 6, 1976
-0.135604938272, -0.583333333333, 0, -3
the president, September 23, 1976
-0.0966945288754, -0.547169811321, 0, 4
carter, September 23, 1976
0.0966945288754, 0.547169811321, 0, 0

kennedy, October 13, 1960
-0.0736527634149, 0.230769230769, 0, 0
nixon, October 13, 1960
0.0736527634149, -0.230769230769, 0, -1
kennedy, October 7, 1960
-0.00179775280899, 0.30612244898, -1.0, 0
nixon, October 7, 1960
0.00179775280899, -0.30612244898, 1.0, -1
kennedy, September 26, 1960
0.0028738690793, 0.111111111111, 0, 3
nixon, September 26, 1960
-0.0028738690793, -0.111111111111, 0, -1
